[main]
X0=3.4307746
X1=4.0043598
Y0=-0.0231529218749997
Y1=1.046580646875
param1=0
param2=0
paramSettle=100
paramShading=0.845
paramExpression=p = r*p*(1-p) + rand()*.001;
paramInit=
paramP0=0.45
bShading=1
programVersion=1.0.0
