[main]
X0=3.39747
X1=3.6618
Y0=0.75454375
Y1=0.9218171875
param1=0
param2=0
paramSettle=100
paramShading=0.845
paramExpression=p = r*p*(1-p) + rand()*.001;
paramInit=
paramP0=0.45
bShading=1
programVersion=1.0.0
