;fmmversion=1;drawingMode=1;a=-1.100000;b=1.720000;x0=-2.10000;x1=2.10000;y0=-2.10000;y1=2.10000;diagramx0=-2.750000;diagramx1=1.000000;diagramy0=1.250000;diagramy1=2.000000;settlingTime=920;drawingTime=80;basinsTime=20;seedsPerAxis=40;seedx0=-2.000000;seedx1=2.000000;seedy0=-2.000000;seedy1=2.000000;colorsStep=1;basinsMaxColor=4.000000;colorDiskRadius=1.000000;breathingRadius=201.000000;END=0;

;saved from fastmapmap
;the following is just so that it can be opened in cs_phase_portrait
[main_portrait]
X0=-1.750000
X1=1.750000
Y0=-1.750000
Y1=1.750000

param1=-1.100000
param2=1.720000
param3=0
param4=0
paramSettle=120
paramTotalIters=400
paramExpression=x_ = c1*x - y*y; y_ = c2*y + x*y;
paramInit=//saved from fastmapmap, by Ben Fisher
programVersion=0.0.1