[main]
programVersion=0.9.9
X0=-0.1731875
X1=2.0100625
Y0=-0.869375
Y1=1.313875
param1=0
param2=0
paramSettle=986
paramShading=0.886
paramExpression=p = 1-r*sqrt(abs(p));
paramInit=
paramP0=0.45
bShading=1
