[main]
programVersion=0.9.9
X0=2.62875
X1=4.04625
Y0=-0.163125
Y1=1.254375
param1=0
param2=0
paramSettle=100
paramShading=0.845
paramExpression=p = r*p*(1-p);
paramInit=
paramP0=0.45
bShading=1
