[main]
programVersion=0.9.9
X0=0.8320625
X1=2.0865625
Y0=-0.12125
Y1=1.13325
param1=0
param2=0
paramSettle=292
paramShading=0.828
paramExpression=if (p>0.5)$@p = r*(1-p);$@else$@p=r*p;
paramInit=
paramP0=0.16
bShading=1
