;fmmversion=1;drawingMode=1;a=0.416016;b=-0.941836;a2=-0.093750;b2=0.002500;diagramx0=-2.025391;diagramx1=1.880859;diagramy0=-2.797305;diagramy1=1.108945;sx=0.753931;sy=-0.124609;sx2=2.050927;sy2=-0.239050;seeddiagramx0=-4.968115;seeddiagramx1=2.661279;seeddiagramy0=-4.854834;seeddiagramy1=2.774561;x0=-1.150000;x1=1.975000;y0=-2.050000;y1=1.075000;settlingTime=120;drawingTime=80;basinsTime=20;seedsPerAxis=40;seedx0=-2.000000;seedx1=2.000000;seedy0=-2.000000;seedy1=2.000000;drawingOptions=0;colorsStep=1;basinsMaxColor=4.000000;colorDiskRadius=1.000000;breathingRadius=201.000000;END=0;

;saved from fastmapscombined
;the following is just so that it can be opened in cs_phase_portrait
[main_portrait]
X0=-1.150000
X1=1.975000
Y0=-2.050000
Y1=1.075000

param1=0.416016
param2=-0.941836
param3=0
param4=0
paramSettle=120
paramTotalIters=400
paramExpression=x_ = 1 - c1*x*x + y; y_ = c2*x;
paramInit=//saved from fastmapscombined, by Ben Fisher
programVersion=0.0.1