[main]
programVersion=0.9.9
X0=0.959175
X1=2.913825
Y0=0.0260499999999999
Y1=1.9807
param1=0
param2=0
paramSettle=100
paramShading=0.845
paramExpression=p = r*p*(1 - p*p);
paramInit=
paramP0=0.1
bShading=1
