[main]
programVersion=0.9.9
X0=0.141875
X1=1.1859375
Y0=-0.0140625000000001
Y1=1.03
param1=0.5
param2=0
paramSettle=986
paramShading=0.886
paramExpression=double s=4*c1;$@p = abs(tanh(s*(p-r)));
paramInit=
paramP0=0.45
bShading=1
