[main]
X0=3.62598727198437
X1=3.75037177690625
Y0=-2.69347195879
Y1=-0.990155585185
param1=0
param2=0
param3=0
param4=0
paramSettle=80
paramShading=0.808
paramExpression=p = 1/cos(p+r);
paramInit=
paramP0=0.35
bShading=1
programVersion=1.0.0
