[main]
X0=1.00594777318558
X1=1.00996095972534
Y0=-3.44501767106688
Y1=-0.629927546548825
param1=0
param2=0
param3=0
param4=0
paramSettle=100
paramShading=0.875
paramExpression=p=1/cos(p+r);
paramInit=
paramP0=0.35
bShading=1
programVersion=1.0.0
