[main]
X0=3.66283014759861
X1=3.66283333010669
Y0=0.915471946256622
Y1=0.915474484306809
param1=0
param2=0
paramSettle=900
paramShading=0.758
paramExpression=p = r*p*(1-p);
paramInit=additionalShading=9.0;
paramP0=0.45
bShading=1
programVersion=1.0.0
