[main]
X0=-1.78771125
X1=-1.49943375
Y0=-1.2853075
Y1=3.144875
param1=0.5402
param2=0.2994
param3=0
param4=0
paramSettle=100
paramShading=0.845
paramExpression=p = r*p*(1 - c1*p) + c2*sin(r*p*p);$@//move trackbars to set c1 and c2$@//try increasing c2.
paramInit=
paramP0=rand()
bShading=1
programVersion=1.0.0
