[main]
programVersion=0.9.9
X0=0.806150709827025
X1=0.806185046272351
Y0=4.4731955924062
Y1=4.4972812378629
param1=0
param2=0
paramSettle=2
paramShading=0.466
paramExpression=p=1/cos(cos(p)+r);
paramInit=
paramP0=0.35
bShading=1
