[main]
programVersion=0.9.9
X0=0.806157662957203
X1=0.806170453283087
Y0=4.47343644886077
Y1=4.49565545679458
param1=0
param2=0
paramSettle=2
paramShading=0.466
paramExpression=p=1/cos(cos(p)+r);
paramInit=
paramP0=0.35
bShading=1
