[main]
programVersion=0.9.9
X0=0.80618365801553
X1=0.806185705107187
Y0=4.4885648158877
Y1=4.49406402035132
param1=0
param2=0
paramSettle=2
paramShading=0.466
paramExpression=p=1/cos(cos(p)+r);
paramInit=
paramP0=0.35
bShading=1
