[main]
X0=4.365142
X1=9.8400345
Y0=-58.5510149625
Y1=50.66323345
param1=0
param2=0
paramSettle=986
paramShading=0.886
paramExpression=p = 1-r*sqrt(abs(p))*sin(p);
paramInit=
paramP0=0.45
bShading=1
programVersion=1.0.0
