[main]
X0=1.595651875
X1=3.7212025
Y0=-19.73034375
Y1=-2.336953125
param1=0
param2=0
paramSettle=986
paramShading=0.886
paramExpression=p = 1-r*sqrt(abs(p))/sin(p);
paramInit=
paramP0=0.45
bShading=1
programVersion=1.0.0
