[main_portrait]
X0=-1.36250068922516
X1=1.2988395147464
Y0=-1.69534478225128
Y1=0.965995421720276
param1=1.4
param2=0.3
param3=0
param4=0
paramSettle=75
paramTotalIters=640
paramExpression=x_ = 1 - c1*x*x + y;$@y_ = c2*x;$@
paramInit=
programVersion=0.0.1
