[main]
programVersion=0.9.9
X0=-0.0971912500000002
X1=0.0888718749999997
Y0=0.28550651640625
Y1=1.74721558203125
param1=0
param2=0
paramSettle=331
paramShading=0.796
paramExpression=//K=r;$@om=r;$@p = p + om - (K/tpi)*sin(tpi*p);
paramInit=double tpi = 2*pi;$@double om= 1.0/3;$@double K = 4.0;
paramP0=.89
bShading=1
