[main]
programVersion=0.9.9
X0=-0.697174999999998
X1=23.54815
Y0=-3.6461
Y1=1.74175
param1=0.5
param2=0
paramSettle=100
paramShading=0.845
paramExpression=A=r;$@p = exp(-A*p*p)+B;
paramInit=double A, B;$@B=-.4;
paramP0=.5
bShading=1
