[main]
X0=1.02444383380979
X1=1.0325783285599
Y0=-2.40500791069888
Y1=3.30101537332263
param1=0
param2=0
param3=0
param4=0
paramSettle=100
paramShading=0.875
paramExpression=p=1/cos(p+r);
paramInit=
paramP0=0.35
bShading=1
programVersion=1.0.0
