[main]
X0=-1.03125
X1=0.700000000000001
Y0=-0.64425
Y1=1.229875
param1=0.601
param2=0
param3=0
param4=0
paramSettle=3280
paramShading=0.496
paramExpression=if (rand()>0.5)$@p= p*r+c1;$@else $@p= p*-r;
paramInit=double logi, tent,sect;
paramP0=.45
bShading=1
programVersion=1.0.0
