[main]
X0=1.64932710689654
X1=1.72250546290864
Y0=-1.63424472232382
Y1=0.728850967328796
param1=-0.53
param2=0
param3=0
param4=0
paramSettle=100
paramShading=0.845
paramExpression=a=c1; b=r;$@xn_ = a*xn-yn*yn;$@yn_ = b*yn+xn*yn;$@xn=xn_;$@yn=yn_;$@p = xn;
paramInit=double a, b, xn;$@double yn,xn_,yn_;$@$@$@
paramP0=0.45;xn= -.8495;yn=0.0479;
bShading=1
programVersion=1.0.0
