[main]
X0=-3.6245263875
X1=-3.5606574796875
Y0=-1.09079165984375
Y1=0.427313596328124
param1=0.42
param2=0
param3=0
param4=0
paramSettle=16
paramShading=0.875
paramExpression=//move c1 from .399 to .421$@sect=1/cos(p+r);$@logi = p*r*(1-p);$@p = (1-c1)*sect + (c1)*logi;
paramInit=double logi,sect,tent;
paramP0=0.35
bShading=1
programVersion=1.0.0
