[main]
X0=-1.54845652026367
X1=-1.12718741621582
Y0=-0.679647838044766
Y1=4.53304701175661E-06
param1=0.86
param2=0.157
param3=0
param4=0
paramSettle=18
paramShading=0.029
paramExpression=if (rand()>c1)$@p= (r-(c2-.5)*6)*(1-p); $@else $@p= r*p*(1-p);
paramInit=double logi, tent,sect;$@additionalShading=2.5;
paramP0=0.35
bShading=1
programVersion=1.0.0
