[main]
X0=-1.72831455645
X1=-1.083043303395
Y0=-0.475257601453125
Y1=1.10431820464844
param1=0.796
param2=0.254
param3=0
param4=0
paramSettle=679
paramShading=0.743
paramExpression=if (rand()>c1)$@p= (r-(c2-.5)*6)*(1-p); $@else $@p= r*p*(1-p);
paramInit=double logi, tent,sect;
paramP0=0.35
bShading=1
programVersion=1.0.0
