[main]
X0=-1.20878374806052
X1=-0.668037014545945
Y0=-0.386569131110984
Y1=0.239849060163829
param1=0.662
param2=0.222
param3=0
param4=0
paramSettle=30
paramShading=0.72
paramExpression=if (rand()>c1)$@p= (r-(c2-.5)*6)*(1-p); $@else $@p= r*p*(1-p);
paramInit=double logi, tent,sect;
paramP0=0.35
bShading=1
programVersion=1.0.0
