[main]
X0=-1.719280418125
X1=-1.14021635757812
Y0=-0.428531299328125
Y1=0.663279738570313
param1=0.86
param2=0.157
param3=0
param4=0
paramSettle=18
paramShading=0.496
paramExpression=if (rand()>c1)$@p= (r-(c2-.5)*6)*(1-p); $@else $@p= r*p*(1-p);
paramInit=double logi, tent,sect;
paramP0=0.35
bShading=1
programVersion=1.0.0
