[main]
X0=-1.68408416254022
X1=0.0433077143601803
Y0=-0.493264855089632
Y1=0.865964054456355
param1=0.796
param2=0.254
param3=0
param4=0
paramSettle=148
paramShading=0.496
paramExpression=if (rand()>c1)$@p= (r-(c2-.5)*6)*(1-p); $@else $@p= r*p*(1-p);
paramInit=double logi, tent,sect;
paramP0=0.35
bShading=1
programVersion=1.0.0
