[main]
X0=1.89217917392578
X1=2.78072208467765
Y0=0.404926206592647
Y1=0.704008767591681
param1=0.504
param2=0.848
param3=0
param4=0
paramSettle=58
paramShading=0.787
paramExpression=if (rand()>c1)$@p= (r-(c2-.5)*6)*(1-p); $@else $@p= r*p*(1-p);
paramInit=double logi, tent,sect;$@additionalShading=3.5;
paramP0=0.35
bShading=1
programVersion=1.0.0
