[main]
X0=-1.47741266372656
X1=-0.648585367554688
Y0=-0.34916475546875
Y1=0.52423774609375
param1=0.257
param2=0.254
param3=0
param4=0
paramSettle=58
paramShading=0.496
paramExpression=if (rand()>c1)$@p= (r-(c2-.5)*6)*(1-p); $@else $@p= r*p*(1-p);
paramInit=double logi, tent,sect;
paramP0=0.35
bShading=1
programVersion=1.0.0
