[main]
X0=-1.08583732050729
X1=-1.06326736106652
Y0=0.266457210475389
Y1=0.311368136478181
param1=0.796
param2=0.254
param3=0
param4=0
paramSettle=679
paramShading=0.496
paramExpression=if (rand()>c1)$@p= (r-(c2-.5)*6)*(1-p); $@else $@p= r*p*(1-p);
paramInit=double logi, tent,sect;
paramP0=0.35
bShading=1
programVersion=1.0.0
