[main]
X0=-1.89714362024253
X1=-0.82650605387564
Y0=-0.606239582470499
Y1=1.38398203595039
param1=0.662
param2=0.222
param3=0
param4=0
paramSettle=30
paramShading=0.017
paramExpression=if (rand()>c1)$@p= (r-(c2-.5)*6)*(1-p); $@else $@p= r*p*(1-p);
paramInit=double logi, tent,sect;
paramP0=0.35
bShading=1
programVersion=1.0.0
