[main]
X0=-1.69693625
X1=-1.0535825
Y0=-0.395460937499999
Y1=1.007109375
param1=0.198
param2=0.108
param3=0
param4=0
paramSettle=106
paramShading=0.845
paramExpression=if (rand()<c1)$@p=min(p+0.7*c2,1);$@else$@p = r*p*(1-p);
paramInit=
paramP0=0.45
bShading=1
programVersion=1.0.0
