[main]
X0=3.82603514265335
X1=3.83373379266374
Y0=0.492102657017555
Y1=0.526944095721262
param1=0.5
param2=0.883
param3=0
param4=0
paramSettle=58
paramShading=-1
paramExpression=if (rand()>c1)$@p=((c2-.5)*20 - r )*p*(1-p);$@else $@p= r*p*(1-p);
paramInit=double logi, tent,sect;$@additionalShading=2.0;
paramP0=0.35
bShading=1
programVersion=1.0.0
