[main]
X0=0.508686462251964
X1=2.61964330743651
Y0=-0.0416937640329816
Y1=0.532828503902263
param1=0.5
param2=0.822
param3=0
param4=0
paramSettle=58
paramShading=0.496
paramExpression=if (rand()>c1)$@p=((c2-.5)*10 - r )*p*(1-p);$@else $@p= r*p*(1-p);
paramInit=double logi, tent,sect;
paramP0=0.35
bShading=1
programVersion=1.0.0
