[main]
X0=1.19788635765642
X1=1.3978291555045
Y0=-0.00411163457371366
Y1=0.462387560542041
param1=0.994
param2=0.531
param3=0
param4=0
paramSettle=258
paramShading=0.857
paramExpression=if (rand()>0.5)$@p= (p>0.5) ? r*(1-p) : r*p; $@else $@p= (p>0.5) ? (c2*4-r)*(1-p) : (c2*4-r)*p;
paramInit=double logi, tent,sect;$@additionalShading=4.0;
paramP0=0.35
bShading=1
programVersion=1.0.0
