[main]
X0=1.00107608012869
X1=1.03883383600918
Y0=0.475520252426292
Y1=0.535159603989836
param1=0.994
param2=0.51
param3=0
param4=0
paramSettle=94
paramShading=0.723
paramExpression=if (rand()>0.5)$@p= (p>0.5) ? r*(1-p) : r*p; $@else $@p= (p>0.5) ? (c2*4-r)*(1-p) : (c2*4-r)*p;
paramInit=double logi, tent,sect;
paramP0=0.35
bShading=1
programVersion=1.0.0
