[main]
X0=2.84431814229211
X1=3.66783212338359
Y0=0.0540944659451172
Y1=0.958408143043633
param1=0.5
param2=0.7844
param3=0
param4=0
paramSettle=58
paramShading=0.519
paramExpression=if (rand()>c1)$@p=((c2-.5)*20 - r )*p*(1-p);$@else $@p= r*p*(1-p);
paramInit=double logi, tent,sect;
paramP0=0.35
bShading=1
programVersion=1.0.0
