[main]
X0=0.472197426269531
X1=1.20897768193359
Y0=-0.495950376
Y1=1.604079276
param1=0.239
param2=0
param3=0
param4=0
paramSettle=18
paramShading=0.496
paramExpression=if (rand()>0.5)$@p= r*(1-p); $@else $@p= r*p*c1;
paramInit=double logi, tent,sect;
paramP0=0.35
bShading=1
programVersion=1.0.0
