[main]
X0=0.00140988879815711
X1=1.1103064489271
Y0=-1.16212869872341
Y1=1.20897292354688
param1=0.391
param2=0
param3=0
param4=0
paramSettle=18
paramShading=0.717
paramExpression=if (rand()>0.5)$@p= r*(1-p); $@else $@p= r*p*c1;
paramInit=double logi, tent,sect;$@additionalShading=3.0;
paramP0=0.35
bShading=1
programVersion=1.0.0
