[main]
X0=0.00266008769350931
X1=1.33397420978961
Y0=0.332192696233732
Y1=1.2421580215505
param1=0.907
param2=0.015
param3=0
param4=0
paramSettle=58
paramShading=0.006
paramExpression=if (rand()>c1)$@p=(r)*p*(1-p)+.5;$@else $@p= r*p*(1-p);
paramInit=double logi, tent,sect;$@additionalShading=3;
paramP0=0.35
bShading=1
programVersion=1.0.0
