[main]
X0=1.47519517292516
X1=1.57997584460088
Y0=-0.0213680527040345
Y1=0.0248035203620839
param1=0.609
param2=0.254
param3=0
param4=0
paramSettle=58
paramShading=0.65
paramExpression=if (rand()>c1)$@p= (-r-(c2-.5)*6)*(1-p); $@else $@p= -r*p*(1-p);
paramInit=double logi, tent,sect;
paramP0=0.35
bShading=1
programVersion=1.0.0
