[main]
X0=-0.9987203125
X1=0.507378281250001
Y0=-1.08171875
Y1=2.014421875
param1=0.621
param2=0.038
param3=0
param4=0
paramSettle=105
paramShading=0.845
paramExpression=if (rand()<c1)$@p= r*p*(1-p);$@else$@p = sqrt(4-p*p);
paramInit=
paramP0=.45
bShading=1
programVersion=1.0.0
