[main]
X0=-0.980009028696289
X1=-0.552200853399903
Y0=-0.00428343394999989
Y1=0.3889653845125
param1=0.5686
param2=0.038
param3=0
param4=0
paramSettle=105
paramShading=0.778
paramExpression=if (rand()<c1)$@p= (p>0.5)?r*(p-1):r*p;$@else$@p = sqrt(4-p*p);
paramInit=
paramP0=.45
bShading=1
programVersion=1.0.0
