[main]
X0=-0.00173009374999955
X1=0.73171473203125
Y0=-1.10030676055664
Y1=0.00289622722656246
param1=0.86
param2=0
param3=0
param4=0
paramSettle=180
paramShading=0
paramExpression=if (rand()>c1)$@p= (r-1)*(1-p); $@else $@p= r*p*(1-p);
paramInit=double logi, tent,sect;$@additionalShading=3.0;
paramP0=0.35
bShading=1
programVersion=1.0.0
