[main]
X0=-1.00626158619991
X1=-1.00301673945847
Y0=0.496952436323776
Y1=0.506139084387571
param1=0.994
param2=0
param3=0
param4=0
paramSettle=18
paramShading=0.496
paramExpression=if (rand()>0.5)$@p= (p>0.5) ? r*(1-p) : r*p*c1; $@else $@p= (p>0.5) ? r*(1-p) : r*p;
paramInit=double logi, tent,sect;
paramP0=0.35
bShading=1
programVersion=1.0.0
