[main]
X0=1.02542830640107
X1=1.10160476802901
Y0=0.49494446886278
Y1=0.504507978983459
param1=0.994
param2=0
param3=0
param4=0
paramSettle=204
paramShading=0.723
paramExpression=if (rand()>0.5)$@p= (p>0.5) ? r*(1-p) : r*p*c1; $@else $@p= (p>0.5) ? r*(1-p) : r*p;
paramInit=double logi, tent,sect;
paramP0=0.35
bShading=1
programVersion=1.0.0
