[main]
X0=1.03617152728959
X1=1.03701752382621
Y0=-1.92039635765878
Y1=-1.3470799308852
param1=0.004
param2=0
param3=0
param4=0
paramSettle=68
paramShading=0.56
paramExpression=sect=1/cos(p+r);$@tent = (p>=0.5) ? r*(1-p) : r*p;$@logi = p*r*(1-p);$@p = (1-c1)*sect + (c1)*logi;
paramInit=double logi,sect,tent;
paramP0=0.35
bShading=1
programVersion=1.0.0
