[main]
X0=-1.05635027648005
X1=-1.00261242035798
Y0=-0.747152109826701
Y1=-0.211047480571236
param1=0.115
param2=1
param3=0
param4=0
paramSettle=100
paramShading=0
paramExpression=if (p<0.5)$@p=r*p;$@else$@p = r*(1-p)+c1;$@
paramInit=
paramP0=0.45
bShading=1
programVersion=1.0.0
