[main]
X0=-1.096628534117
X1=-1.09172586408617
Y0=0.572879774898971
Y1=0.605049373283117
param1=0.5
param2=0.588
param3=0
param4=0
paramSettle=100
paramShading=0
paramExpression=if (p<0.5)$@p=r*p;$@else$@p = r*(1-p)*pm2 + pm1;$@
paramInit=double pm1=(c1-0.5)*8;$@double pm2=(c2-0.5)*8;$@additionalShading=19.0;
paramP0=0.45
bShading=1
programVersion=1.0.0
