[main]
X0=1.13220338486767
X1=1.4128630528202
Y0=-0.279349322158559
Y1=0.793853862386198
param1=0.5
param2=0.516
param3=0
param4=0
paramSettle=100
paramShading=-0.4
paramExpression=if (p<0.5)$@p=r*p;$@else$@p = r*(1-p)*pm2 + pm1;$@
paramInit=// -4 to 4$@double pm1=(c1-0.5)*8;$@double pm2=(c2-0.5)*8;
paramP0=0.45
bShading=1
programVersion=1.0.0
