[main]
X0=1.01940162311518
X1=1.02597493304802
Y0=0.481950451880546
Y1=0.508286483036483
param1=0.603
param2=0.625
param3=0
param4=0
paramSettle=707
paramShading=0.825
paramExpression=if (p<0.5)$@p=r*p;$@else$@p = r*(1-p)*pm2 + pm1;$@
paramInit=// -4 to 4$@double pm1=(c1-0.5)*8;$@double pm2=(c2-0.5)*8;
paramP0=0.45
bShading=1
programVersion=1.0.0
