[main]
X0=-1.0510342181695
X1=-1.00571301567506
Y0=0.293224352366429
Y1=0.555717377531559
param1=0.181
param2=1
param3=0
param4=0
paramSettle=946
paramShading=0.548
paramExpression=if (p<0.5)$@p=r*p;$@else$@p = r*(1-p)+c1;$@
paramInit=
paramP0=0.45
bShading=1
programVersion=1.0.0
