[main]
X0=-1.07155137253058
X1=-1.0093565213013
Y0=-0.530498826528836
Y1=-0.11632449388966
param1=0.0900000000000001
param2=1
param3=0
param4=0
paramSettle=100
paramShading=0.886
paramExpression=if (p<0.5)$@p=r*p;$@else$@p = r*(1-p)+c1;$@
paramInit=
paramP0=0.45
bShading=1
programVersion=1.0.0
