[main]
X0=-1.0836281801054
X1=-1.02109670075234
Y0=0.46607968231091
Y1=0.591604350434885
param1=-0.25
param2=0.0846
param3=0
param4=0
paramSettle=100
paramShading=0.845
paramExpression=if (p<0.5)$@p=r*p;$@else$@p = r*(1-p)*pm1 + pm2;$@
paramInit=// -4 to 4$@double pm1=c1*4;$@double pm2=c2*4;
paramP0=0.45
bShading=1
programVersion=1.0.0
