[main]
X0=1.02892515473307
X1=1.47234844459416
Y0=-0.133206270504055
Y1=0.766092102935579
param1=0.5
param2=0.516
param3=0
param4=0
paramSettle=100
paramShading=0.787
paramExpression=if (p<0.5)$@p=r*p;$@else$@p = r*(1-p)*pm2 + pm1;$@
paramInit=// -4 to 4$@double pm1=(c1-0.5)*8;$@double pm2=(c2-0.5)*8;
paramP0=0.45
bShading=1
programVersion=1.0.0
