[main]
X0=-1.32011835486189
X1=-1.00472691959653
Y0=-0.626942396263137
Y1=-0.211518531999019
param1=0.5
param2=0.588
param3=0
param4=0
paramSettle=100
paramShading=0.845
paramExpression=if (p<0.5)$@p=r*p;$@else$@p = r*(1-p)*pm2 + pm1;$@
paramInit=// -4 to 4$@double pm1=(c1-0.5)*8;$@double pm2=(c2-0.5)*8;
paramP0=0.45
bShading=1
programVersion=1.0.0
