[main]
X0=1.6358588359375
X1=1.695151046875
Y0=-1.67365700585938
Y1=0.346755238281249
param1=-0.654297
param2=0
param3=0
param4=0
paramSettle=100
paramShading=0.845
paramExpression=a=c1; b=r;$@xn_ = a*xn-yn*yn;$@yn_ = b*yn+xn*yn;$@xn=xn_;$@yn=yn_;$@p = xn;
paramInit=double a, b, xn;$@double yn,xn_,yn_;$@$@$@
paramP0=0.45;xn= 0.0;yn=0.0001;
bShading=1
programVersion=1.0.0
