[main]
X0=3.3676875
X1=3.567375
Y0=0.352
Y1=0.5516875
param1=0.5102
param2=0
param3=0
param4=0
paramSettle=7
paramShading=0.845
paramExpression=p = r*p*(1-p);$@//c1 from 0.416 to 0.465$@//note "Draw points" in Adv menu
paramInit=
paramP0=c1
bShading=0
programVersion=1.0.0
